59
356
708
108
116
100
116
433
536
454
595
549
85
101
100
116
116
147
180
169
138
216
85
285
332
332
301
153
337
637
306
153
154
113
1681
1834
1599
1524
1614
1703
174
75
161
217
142
171
228
264
421
284
143
318
116
135
113
106
250
115
105
254
129
150
218
157
108
282
489
241
282
175
379
379
200
163
217
218
478
399
241
331
184
222
135
159
311
455
405
491
104
393
130
276
276
422
110
181
264
381
230
494
580
795
462
704
627
261
409
239
880
306
1133
375
354
983
308
909
571
183
596
110
543
584
78
454
728
728
728
278
296
1123
226
535
413
271
303
289
298
115
428
103
130
370
756
84
147
84
98
120
202
105
778
116
172
150
140
294
294
479
180
179
302
302
259
302
558
483
310
238
596
354
185
238
541
222
649
557
216
761
1101
385
147
501
116
116
154
216
1075
364
163
201
301
338
539
200
385
437
301
232
317
339
632
363
115
147
116
117
147
153
184
379
200
771
163
385
455
116
116
147
231
200
532
182
348
539
169
169
200
232
385
886
443
321
358
443
405
358
405
443
443
421
876
421
321
337
258
289
368
289
490
289
421
437
421
559
553
232
263
316
332
216
169
722
385
694
206
138
454
270
182
298
321
1247
169
193
462
764
378
564
250
266
340
591
980
733
628
120
221
143
179
495
1061
413
336
2040
221
274
769
2107
1648
654
400
1128
467
328
306
130
189
150
413
136
282
176
176
270
218
218
275
163
163
163
306
101
220
277
320
700
351
128
220
251
673
1494
253
114
586
305
262
218
350
1461
746
395
395
332
238
144
364
413
141
426
4352
255
477
412
412
349
176
512
194
360
359
307
246
418
459
518
851
517
130
211
149
149
150
162
224
197
136
168
210
174
200
292
202
204
202
202
274
280
279
1623
176
179
281
362
354
431
436
413
682
411
414
640
566
898
674
676
678
625
638
622
680
678
569
950
718
757
807
1051
552
549
832
795
828
760
565
557
732
1106
637
923
637
695
1071
925
722
211
792
259
261
892
391
266
367
1296
371
370
987
448
489
489
683
388
683
388
384
283
687
331
1021
561
1019
293
276
327
834
273
390
1707
484
427
950
758
269
461
440
647
431
607
818
130
438
334
436
874
436
1114
2737
1106
549
778
1531
587
319
395
324
592
318
316
379
473
1269
544
440
381
1271
1775
291
310
769
666
384
1783
813
238
666
263
261
278
720
484
484
371
721
372
1903
391
709
437
446
395
621
462
494
458
280
464
289
241
242
283
306
188
843
1044
1849
467
184
179
185
1406
193
336
195
230
231
434
233
400
235
306
239
514
160
316
227
2930
390
152
429
270
462
339
1275
424
306
710
544
457
2450
401
641
2593
2607
306
326
341
538
2620
471
701
544
345
365
460
367
714
168
517
169
1130
201
941
492
418
195
392
488
651
160
378
726
106
148
289
321
237
1512
149
488
380
209
281
250
243
217
219
218
173
356
356
307
160
503
525
534
885
762
340
382
203
292
459
1840
448
562
429
562
216
121
106
146
165
1342
261
260
260
198
1469
433
354
384
385
253
512
259
465
396
118
118
610
137
762
503
155
145
182
668
171
226
321
219
271
278
279
766
477
294
165
299
663
721
218
228
227
356
186
228
229
236
456
235
185
347
348
411
222
413
3558
299
1132
317
369
433
470
447
454
834
1029
528
595
311
439
591
341
341
342
412
293
717
384
455
117
117
1037
356
318
850
220
222
180
342
415
234
667
414
224
149
293
1281
3078
408
148
317
380
318
798
275
275
565
193
223
741
325
406
406
744
248
218
1172
280
434
378
424
424
422
424
424
424
425
768
1120
1065
1990
404
287
598
318
317
775
332
368
381
380
380
363
464
925
424
741
493
665
872
452
463
615
656
681
789
1313
905
946
905
905
960
960
1100
1059
1101
1060
1075
1459
1136
1222
1263
1222
1263
1222
938
1275
782
1319
1322
1322
1291
131
131
248
1389
2539
766
336
1247
1615
711
235
192
1612
1635
1022
151
151
192
193
925
1223
761
1758
275
746
996
234
1376
302
350
1936
736
328
725
352
164
799
386
387
1534
447
334
959
439
509
1718
626
1252
600
661
143
597
185
177
1875
1160
628
1326
974
647
512
656
655
2574
1109
1938
660
660
1631
2394
2080
2124
2082
2494
2123
976
2122
2431
2558
2300
3149
2205
2679
2497
2173
2331
2549
1714
2638
1731
3716
2362
2349
2567
2379
2379
3020
1734
1764
1764
7787
1823
1858
3108
1908
1914
1920
1952
1951
315
1975
1979
7186
2005
4468
3011
411
240
186
88
456
143
198
237
118
370
196
196
203
308
266
216
477
292
291
670
246
382
292
429
427
361
216
781
726
869
611
507
1069
735
476
512
559
174
7242
1930
1692
2804
2270
1741
1748
2457
1890
144
1791
1930
167
159
232
417
270
462
272
283
587
373
335
431
160
197
179
419
182
195
195
295
99
375
197
194
349
422
244
244
851
410
395
481
359
399
807
206
3959
227
262
6676
624
567
250
266
390
607
562
418
780
688
149
190
1204
149
113
814
700
703
1135
1448
122
379
4246
1225
733
1234
473
263
1063
1087
234
1110
527
457
1756
342
458
282
2049
427
7783
309
309
1881
723
364
825
396
250
369
257
367
432
350
326
322
328
350
360
369
368
405
827
404
391
409
249
341
341
534
515
679
339
247
303
120
198
202
2697
278
295
99
171
9298
382
139
608
273
353
732
283
655
297
235
332
496
1037
440
356
857
478
243
324
1265
384
1381
1735
2912
1854
1936
154
154
241
680
193
337
2096
123
659
337
221
364
638
116
324
285
116
154
190
275
285
282
12373
301
233
398
180
196
147
147
247
350
539
85
129
165
178
183
287
287
523
208
258
416
322
271
321
413
193
138
361
361
153
309
107
202
286
170
286
255
204
509
316
509
382
167
269
254
418
289
291
371
358
751
1002
764
232
1408
90
134
134
170
201
170
154
185
269
619
373
275
508
431
584
287
533
2406
1927
1964
1964
2079
1207
1290
1340
131
161
111
185
309
119
134
356
425
440
478
311
205
609
692
520
795
401
548
1273
527
216
1606
93
118
109
110
123
159
283
355
217
462
469
426
519
424
425
132
611
143
1445
816
923
171
1061
163
326
325
255
401
406
179
424
507
191
423
365
212
403
722
635
207
385
385
141
404
204
301
332
432
131
248
350
417
216
450
303
201
347
216
244
304
150
359
175
365
566
1034
747
500
1663
1868
2255
12355
3388
7124
7823
3715
8424
12231
7644
5504
8374
5827
6121
6507
9515
10569
13131
14049
14265
23363
41183
802
100
117606
347
2098
401
203
